function intan=rout_intan

data=[1998.21	29.0752	0.3949
1998.13	28.9386	0.3463
1998.04	28.6573	0.3472
1997.96	28.885	0.345
1997.88	29.2085	0.3629
1997.79	29.3793	0.2188
1997.71	30.1001	0.3302
1997.63	29.9293	0.3843
1997.54	29.7585	0.4684
1997.46	29.1663	0.4341
1997.38	28.8099	0.3992
1997.29	28.696	0.4553
1997.21	28.9386	0.7063
1997.13	28.2974	0.5016
1997.04	28.1642	0.4836
1996.96	27.8226	0.3919
1996.88	28.2781	0.4975
1996.79	28.8475	0.5471
1996.71	28.885	0.475
1996.63	29.1128	0.5328
1996.54	28.8475	0.4871
1996.46	29.1515	0.491
1996.38	29.0752	0.5249
1996.29	28.4489	0.6334
1996.21	28.6766	0.6112
1996.13	28.0503	0.6097
1996.04	27.5379	0.5121
1995.96	28.2018	0.7315
1995.88	27.367	0.5062
1995.79	27.974	0.6037
1995.71	28.4682	0.7075
1995.63	29.2654	0.7049
1995.54	29.4169	0.6767
1995.46	28.9238	0.5331
1995.38	28.5434	0.3933
1995.29	28.7336	0.6332
1995.21	28.6197	0.4793
1995.13	28.6766	0.5712
1995.04	29.2381	0.5291
1994.96	29.8393	0.4454
1994.88	29.9703	0.4229
1994.79	29.9703	0.3729
1994.71	29.2882	0.3997
1994.63	29.5307	0.4406
1994.54	29.4169	0.3567
1994.46	29.0422	0.478
1994.38	28.9613	0.611
1994.29	28.7484	0.7163
1994.21	28.9989	0.7789
1994.13	29.3975	0.7726
1994.04	29.3793	0.7188
1993.96	28.8475	0.4071
1993.88	28.2587	0.2735
1993.79	29.1128	0.3528
1993.71	29.0752	0.2049
1993.63	29.1128	0.3228
1993.54	28.6766	0.4212
1993.46	28.7006	0.5963
1993.38	28.5058	0.6354
1993.29	28.0503	0.5597
1993.21	28.0275	0.5649
1993.13	28.7336	0.6232
1993.04	29.0297	0.5154
1992.96	28.9613	0.671
1992.88	29.1208	0.5545
1992.79	29.098	0.5897
1992.71	29.1891	0.6589
1992.63	28.7905	0.4952
1992.54	29.0752	0.4249
1992.46	28.5252	0.5094
1992.38	28.688	0.5936
1992.29	28.1642	0.4836
1992.21	28.7336	0.6032
1992.13	28.7791	0.7028
1992.04	28.6197	0.5993
1991.96	28.5867	0.4424
1991.88	28.7336	0.3432
1991.79	29.4169	0.3867
1991.71	29.6446	0.4445
1991.63	29.5683	0.4185
1991.54	29.7209	0.6205
1991.46	29.2381	0.4791
1991.38	28.4682	0.4475
1991.29	28.5434	0.6633
1991.21	28.8475	0.7271
1991.13	29.0752	0.7449
1991.04	28.5058	0.6254
1990.96	28.9158	0.5515
1990.88	29.3941	0.4919
1990.79	29.9008	0.6083
1990.71	28.9613	0.481
1990.63	28.335	0.2695
1990.54	28.5058	0.5954
1990.46	28.4489	0.5834
1990.38	28.1642	0.6236
1990.29	27.9364	0.5358
1990.21	28.2018	0.6515
1990.13	28.392	0.6715
1990.04	28.0503	0.6497
1989.96	28.1448	0.6196
1989.88	27.7998	0.4671
1989.79	27.8032	0.5578
1989.71	28.1836	0.4977
1989.63	28.4147	0.5062
1989.54	27.9934	0.4978
1989.46	27.7656	0.5199
1989.38	27.5948	0.6641
1989.29	27.5527	0.6052
1989.21	27.3101	0.5943
1989.13	27.6381	0.6831
1989.04	27.0129	0.5519
1988.96	26.7407	0.5347
1988.88	27.1393	0.5684
1988.79	27.1393	0.5484
1988.71	26.9115	0.3506
1988.63	27.6517	0.636
1988.54	27.5823	0.5614
1988.46	27.6324	0.562
1988.38	27.8351	0.5945
1988.29	27.8727	0.6424
1988.21	28.0959	0.6693
1988.13	28.0731	0.6845
1988.04	28.6197	0.6793
1987.96	28.2325	0.398
1987.88	29.3406	0.4707
1987.79	29.6218	0.3897
1987.71	29.508	0.4358
1987.63	28.3464	0.3019
1987.54	28.0048	0.4702
1987.46	27.8226	0.5219
1987.38	27.7542	0.5675
1987.29	27.3898	0.551
1987.21	27.777	0.5423
1987.13	27.4809	0.5801
1987.04	27.8909	0.3662
1986.96	27.8636	0.3405
1986.88	28.2018	0.0715
1986.79	29.1891	0.2789
1986.71	28.5058	0.1754
1986.63	28.7529	0.2373
1986.54	28.392	0.3915
1986.46	27.8226	0.2519
1986.38	27.6324	0.492
1986.29	27.5265	0.5197
1986.21	27.0823	0.4364
1986.13	27.2304	0.5675
1986.04	27.7087	0.798
1985.96	28.1642	0.7136
1985.88	28.688	0.5736
1985.79	28.6197	0.5193
1985.71	28.5742	0.6297
1985.63	28.9613	0.791
1985.54	28.7336	0.7132
1985.46	27.9592	0.6506
1985.38	28.3464	0.7619
1985.29	27.8909	0.7062
1985.21	27.5265	0.6497
1985.13	27.5037	0.7049
1985.04	28.0879	0.8676
1984.96	27.6517	0.656
1984.88	27.5948	0.6141
1984.79	28.392	0.7215
1984.71	28.1642	0.7236
1984.63	27.8601	0.6098
1984.54	27.974	0.6337
1984.46	27.4809	0.6001
1984.38	27.4809	0.6501
1984.29	27.5754	0.77
1984.21	27.2532	0.6523
1984.13	26.7977	0.5867
1984.04	27.5185	0.718
1983.96	27.6404	0.7936
1983.88	28.1836	0.7777
1983.79	27.3443	0.5614
1983.71	28.0879	0.5176
1983.63	27.7087	0.628
1983.54	28.392	0.7215
1983.46	29.0376	0.5571
1983.38	28.7905	0.7152
1983.29	28.9613	0.761
1983.21	28.8475	0.8171
1983.13	28.4375	0.701
1983.04	28.8475	0.7371
1982.96	28.7336	0.8332
1982.88	28.7621	0.7592
1982.79	28.819	0.7611
1982.71	29.4396	0.7015
1982.63	29.7585	0.5984
1982.54	29.5877	0.6826
1982.46	29.5307	0.7006
1982.38	28.8475	0.6471
1982.29	27.7087	0.498
1982.21	28.2405	0.7597
1982.13	28.392	0.7315
1982.04	28.1642	0.7536
1981.96	28.1892	0.6389
1981.88	28.4204	0.6174
1981.79	28.5821	0.6614
1981.71	28.885	0.705
1981.63	28.8475	0.6471
1981.54	28.696	0.6253
1981.46	28.1642	0.6736
1981.38	27.8989	0.6079
1981.29	28.0013	0.6894
1981.21	27.367	0.5762
1981.13	27.334	0.6293
1981.04	27.5948	0.6741
1980.96	28.6197	0.8193
1980.88	28.392	0.7415
1980.79	28.2325	0.608
1980.71	28.819	0.5711
1980.63	28.8475	0.3971
1980.54	28.3464	0.4219
1980.46	28.2781	0.5475
1980.38	29.2119	0.8436
1980.29	29.0752	0.7249
1980.21	28.0503	0.5997
1980.13	28.2781	0.6175
1980.04	28.392	0.6715
1979.96	28.392	0.6415
1979.88	28.392	0.5715
1979.79	28.4751	0.6189
1979.71	28.6095	0.5771
1979.63	28.5058	0.4354
1979.54	28.0503	0.4497
1979.46	27.6176	0.4488
1979.38	28.1642	0.6336
1979.29	28.6766	0.6712
1979.21	28.2781	0.7175
1979.13	27.8226	0.7219
1979.04	27.785	0.704
1978.96	27.5948	0.7441
1978.88	28.2781	0.8375
1978.79	27.4809	0.5201
1978.71	27.8989	0.5379
1978.63	28.3544	0.6236
1978.54	28.5058	0.5954
1978.46	28.0503	0.6897
1978.38	28.4774	0.7794
1978.29	27.9364	0.7058
1978.21	27.6517	0.676
1978.13	27.5094	0.6861
1978.04	27.8226	0.7619
1977.96	28.228	0.797
1977.88	28.3771	0.7384
1977.79	28.6835	0.6727
1977.71	28.3544	0.5636
1977.63	28.1642	0.5736
1977.54	28.5912	0.6733
1977.46	28.6482	0.7753
1977.38	28.392	0.8115
1977.29	28.392	0.8715
1977.21	27.2532	0.6523
1977.13	27.6404	0.7136
1977.04	28.0503	0.8597
1976.96	27.8601	0.6698
1976.88	27.8909	0.5562
1976.79	28.335	0.4595
1976.71	28.2781	0.3075
1976.63	28.8475	0.3871
1976.54	28.392	0.4815
1976.46	27.6859	0.3932
1976.38	27.851	0.7379
1976.29	27.3101	0.8043
1976.21	27.0254	0.6845
1976.13	26.0005	0.6293
1976.04	26.1144	0.6732
1975.96	26.2408	0.6397
1975.88	26.9491	0.7385
1975.79	27.6939	0.8249
1975.71	27.9364	0.8758
1975.63	27.572	0.7593
1975.54	27.367	0.8262
1975.46	27.2156	0.7944
1975.38	26.866	0.741
1975.29	27.785	0.934
1975.21	27.4809	0.8501
1975.13	27.5572	0.8862
1975.04	27.6517	0.776
1974.96	27.8795	0.8338
1974.88	27.4809	0.7501
1974.79	28.5628	0.8573
1974.71	28.1266	0.5657
1974.63	28.7905	0.6652
1974.54	28.819	0.8511
1974.46	28.6482	0.8753
1974.38	27.8226	0.8119
1974.29	27.4809	0.7601
1974.21	27.1393	0.8384
1974.13	27.8795	0.9838
1974.04	27.9364	1.0558
1973.96	28.2781	1.1375
1973.88	27.8226	0.9919
1973.79	28.2405	0.9997
1973.71	28.2291	1.0273
1973.63	27.9649	0.7718
1973.54	27.7087	0.828
1973.46	27.3955	0.8822
1973.38	27.9501	0.9087
1973.29	28.1073	0.8717
1973.21	28.2781	0.9675
1973.13	28.5058	1.0754
1973.04	28.6197	0.8893
1972.96	29.1322	0.6069
1972.88	29.5228	0.5789
1972.79	29.303	0.4928
1972.71	29.1082	0.4219
1972.63	29.303	0.5428
1972.54	28.9613	0.661
1972.46	28.6197	0.7493
1972.38	28.5742	0.8397
1972.29	27.7087	0.858
1972.21	28.2325	0.928
1972.13	27.5948	0.8441
1972.04	27.9364	0.8658
1971.96	27.7087	0.878
1971.88	27.4809	0.7701
1971.79	28.392	0.8615
1971.71	28.335	0.8495
1971.63	28.0378	0.7571
1971.54	28.4603	0.9958
1971.46	28.7336	1.1032
1971.38	27.6199	0.9293
1971.29	27.8453	0.9567
1971.21	28.0879	1.0076
1971.13	28.2781	1.0875
1971.04	27.4809	0.8701
1970.96	27.2532	0.7923
1970.88	27.0254	0.7045
1970.79	28.2211	0.9156
1970.71	28.5058	0.8754
1970.63	28.0663	0.7631
1970.54	28.1403	0.8186
1970.46	27.8795	0.7938
1970.38	27.424	0.7382
1970.29	27.4969	0.7235
1970.21	27.6404	0.7336
1970.13	27.8226	0.8119
1970.04	27.785	0.734
1969.96	28.7712	0.7611
1969.88	29.0183	0.573
1969.79	28.7336	0.6332
1969.71	29.303	0.5428
1969.63	28.9613	0.351
1969.54	28.9613	0.411
1969.46	28.9613	0.471
1969.38	28.9613	0.531
1969.29	28.8987	0.6179
1969.21	28.8361	0.7047
1969.13	28.7723	0.7813
