function mei=rout_mei(varagin)

data=[ 1856    0.216    0.149    0.221    0.140    0.192    0.215    0.228    0.205    0.272    0.122    0.133    0.227
 1857    0.212   -0.061   -0.077    0.005   -0.035    0.098    0.130   -0.004    0.017   -0.136   -0.170   -0.285
 1858   -0.223   -0.315   -0.072    0.210    0.087   -0.041   -0.162   -0.073    0.069    0.146    0.273    0.120
 1859   -0.135   -0.122    0.058    0.147    0.085   -0.103   -0.183    0.061    0.078    0.126    0.058    0.080
 1860    0.113   -0.114    0.059   -0.071    0.167    0.301    0.227    0.037   -0.007    0.108   -0.010    0.140
 1861   -0.001   -0.112   -0.008    0.245    0.193    0.290    0.412    0.300    0.257    0.212    0.214    0.113
 1862   -0.030   -0.166   -0.075   -0.128   -0.184   -0.046   -0.296   -0.270   -0.259   -0.268   -0.354   -0.360
 1863   -0.149   -0.046    0.025    0.047    0.021   -0.045   -0.296   -0.302   -0.160   -0.236   -0.180   -0.118
 1864   -0.208   -0.358   -0.184   -0.037    0.070    0.113    0.259    0.345    0.193    0.123    0.185    0.186
 1865    0.185    0.246    0.159    0.055    0.024    0.194    0.116    0.036    0.279    0.246    0.210    0.210
 1866    0.044    0.170    0.205    0.124    0.167    0.343    0.274    0.251    0.140    0.133    0.260    0.269
 1867    0.304    0.276    0.379    0.288    0.150    0.081    0.100    0.063   -0.005   -0.035    0.105   -0.060
 1868    0.054    0.124    0.195    0.254    0.180    0.319    0.399    0.196    0.140   -0.120   -0.063    0.116
 1869   -0.120    0.085    0.071    0.238    0.276    0.208    0.274    0.128    0.088   -0.013   -0.051   -0.094
 1870   -0.165    0.002   -0.049   -0.175   -0.036   -0.018   -0.047    0.093    0.144    0.150    0.167    0.102
 1871   -0.143   -0.125    0.123    0.173    0.136    0.125    0.166    0.051   -0.094   -0.154   -0.011    0.079
 1872   -0.076   -0.060   -0.092   -0.080    0.170    0.210    0.278    0.377    0.409    0.041   -0.040   -0.058
 1873    0.047   -0.002    0.035    0.038   -0.056   -0.046    0.078    0.038    0.139    0.075    0.054    0.133
 1874    0.044   -0.120   -0.126   -0.097    0.009    0.156    0.093   -0.020    0.174   -0.047   -0.065   -0.297
 1875   -0.173    0.060    0.029    0.011    0.157    0.163   -0.003    0.084    0.132    0.065   -0.065   -0.083
 1876   -0.211   -0.082   -0.097   -0.077   -0.078   -0.011    0.109    0.169    0.142   -0.060   -0.087   -0.023
 1877    0.001    0.152    0.236    0.141    0.251    0.320    0.296    0.359    0.259    0.229    0.297    0.315
 1878    0.238    0.331    0.341    0.640    0.521    0.624    0.417    0.584    0.545    0.315    0.369    0.467
 1879    0.319    0.375    0.016    0.034    0.242    0.173    0.081    0.012   -0.026    0.058    0.065    0.115
 1880    0.073    0.001    0.086   -0.041   -0.142   -0.015    0.115    0.099    0.252    0.227    0.145   -0.088
 1881    0.166    0.121    0.188    0.218    0.112    0.118    0.006    0.043   -0.025   -0.071   -0.307   -0.097
 1882   -0.133   -0.100   -0.035   -0.130   -0.132   -0.002    0.059    0.068    0.041   -0.016    0.013    0.016
 1883   -0.048   -0.164   -0.153    0.028    0.034   -0.029   -0.044    0.019   -0.090   -0.112   -0.005    0.136
 1884    0.034   -0.141   -0.107   -0.060   -0.046    0.139   -0.027   -0.006   -0.148   -0.141   -0.337   -0.110
 1885   -0.062    0.050   -0.029   -0.245   -0.160   -0.126   -0.019    0.120    0.041    0.039    0.018    0.040
 1886    0.138    0.134    0.191    0.215    0.242    0.211    0.253    0.072    0.010   -0.011   -0.006   -0.012
 1887   -0.090   -0.078   -0.014   -0.056    0.054    0.229    0.348    0.215    0.167    0.251    0.196    0.197
 1888    0.249    0.186    0.271    0.139    0.145    0.268    0.203    0.163    0.166    0.271    0.145    0.096
 1889    0.253    0.261    0.335    0.316    0.317    0.229    0.079    0.099    0.107    0.107    0.180    0.054
 1890    0.034    0.018   -0.036   -0.151   -0.143   -0.099   -0.252   -0.297   -0.256   -0.079   -0.268   -0.244
 1891   -0.272   -0.081    0.079    0.115    0.183    0.169    0.247    0.105    0.013    0.030   -0.233    0.024
 1892    0.067    0.128    0.101    0.009   -0.123   -0.141   -0.247   -0.101   -0.208   -0.177   -0.272   -0.172
 1893   -0.097   -0.049   -0.037   -0.149   -0.130    0.131    0.183    0.168    0.056   -0.054    0.029   -0.151
 1894   -0.142   -0.160   -0.180   -0.277   -0.352   -0.318   -0.220   -0.231   -0.220   -0.329   -0.307   -0.221
 1895   -0.109   -0.077   -0.256   -0.284   -0.200   -0.100   -0.066   -0.088    0.081    0.079   -0.102   -0.043
 1896   -0.060    0.039   -0.033    0.054    0.264    0.196    0.108    0.086    0.320    0.164    0.051    0.061
 1897    0.084    0.137    0.308    0.252    0.167    0.103    0.101    0.023    0.051    0.080   -0.009   -0.008
 1898   -0.011    0.062    0.112    0.065    0.094    0.214    0.221    0.143    0.109   -0.024   -0.125    0.004
 1899   -0.061   -0.047   -0.004    0.090    0.206    0.192    0.115    0.274    0.134    0.096    0.205    0.304
 1900    0.213    0.208    0.067    0.170    0.003    0.006    0.099    0.005    0.055    0.122    0.051    0.143
 1901    0.055    0.193    0.165    0.158    0.088    0.225    0.191    0.188    0.009   -0.101   -0.073   -0.059
 1902   -0.110   -0.026   -0.017   -0.143   -0.084   -0.245   -0.285   -0.165    0.005    0.022   -0.111   -0.080
 1903   -0.036    0.059   -0.052   -0.063   -0.139   -0.170   -0.158   -0.439   -0.451   -0.361   -0.233   -0.287
 1904   -0.347   -0.368   -0.374   -0.418   -0.393   -0.425   -0.333   -0.344   -0.474   -0.366   -0.194   -0.150
 1905   -0.221   -0.178   -0.355   -0.169   -0.059   -0.168   -0.050   -0.138   -0.352   -0.248   -0.264   -0.241
 1906   -0.068   -0.029   -0.049   -0.041   -0.156    0.011   -0.003   -0.061   -0.116   -0.138   -0.014   -0.222
 1907   -0.182   -0.346   -0.251   -0.158   -0.146   -0.251   -0.278   -0.312   -0.175   -0.217   -0.224   -0.188
 1908   -0.229   -0.230   -0.238   -0.206   -0.161   -0.061    0.027    0.010   -0.086   -0.118   -0.152   -0.119
 1909   -0.102   -0.140   -0.099   -0.146   -0.004   -0.126   -0.165   -0.081   -0.112   -0.149   -0.289   -0.231
 1910   -0.305   -0.249   -0.258   -0.308   -0.339   -0.358   -0.286   -0.257   -0.103   -0.188   -0.075   -0.240
 1911   -0.250   -0.250   -0.306   -0.318   -0.341   -0.237   -0.166   -0.063   -0.116   -0.111   -0.228   -0.170
 1912   -0.234   -0.258   -0.216   -0.166   -0.113   -0.148   -0.255   -0.392   -0.242   -0.248   -0.220   -0.233
 1913   -0.305   -0.210   -0.223   -0.439   -0.446   -0.564   -0.437   -0.433   -0.426   -0.380   -0.454   -0.325
 1914   -0.221   -0.317   -0.404   -0.382   -0.261   -0.375   -0.429   -0.368   -0.187   -0.111   -0.182   -0.226
 1915   -0.127   -0.115   -0.002    0.053    0.264    0.296    0.319    0.214    0.199    0.031   -0.004    0.013
 1916   -0.037   -0.097   -0.091   -0.116    0.022    0.031   -0.073   -0.014   -0.002   -0.072   -0.238   -0.206
 1917   -0.291   -0.347   -0.399   -0.303   -0.251   -0.149   -0.207   -0.189   -0.279   -0.339   -0.317   -0.257
 1918   -0.098   -0.173   -0.115   -0.176   -0.236   -0.416   -0.364   -0.388   -0.362   -0.255   -0.296   -0.221
 1919   -0.223   -0.056   -0.189   -0.053   -0.162   -0.219   -0.280   -0.187   -0.189   -0.139   -0.224   -0.287
 1920   -0.458   -0.400   -0.448   -0.331   -0.249   -0.278   -0.272   -0.299   -0.272   -0.264   -0.423   -0.299
 1921   -0.286   -0.270   -0.314   -0.260   -0.246   -0.244   -0.104   -0.242   -0.221   -0.051   -0.258   -0.116
 1922   -0.201   -0.238   -0.336   -0.406   -0.313   -0.327   -0.372   -0.304   -0.363   -0.282   -0.347   -0.320
 1923   -0.359   -0.456   -0.399   -0.425   -0.276   -0.309   -0.317   -0.421   -0.365   -0.260   -0.211   -0.056
 1924   -0.126   -0.194   -0.100   -0.052    0.050   -0.092   -0.121   -0.133   -0.199   -0.231   -0.311   -0.282
