function cpi=rout_cpi

data=[1950 -0.29609621 -0.10888323 -1.47383690 -1.09828031 -0.94727439 -0.55401564 -0.62119019 -1.07303762 -1.18437195 -1.38498628 -1.08913529 -1.32173276
1951 -1.93211389 -2.25491381 -0.99583292 -1.25923848 -0.53374326 -0.44951499 -1.58262992 -1.43383932 -0.55689371 -0.84865093 -1.36561453 -1.13524783
1952 -0.52064174 -0.00598966  0.22069827  0.35269985  0.56822532  0.57835734  0.20347063 -0.05660037 -0.09203046  0.44747266  0.18579350  0.41630352
1953 -0.47529837 -0.68450785 -0.34973422 -0.71674371 -0.69195551 -0.59948647 -0.50832504 -0.35493612 -0.81100047 -0.48288736 -0.29817212 -0.39102647
1954  0.12512939 -0.03498868  0.51372075  1.69949174  1.28892136  0.84228408  0.46988222  0.30871573 -0.36558816 -0.20486693 -0.79143995 -0.70014870
1955  0.14013293 -0.60650307  0.10378487 -0.22046362  1.31421137  0.82419699 -0.19512837 -0.68777925  0.05164313 -0.74448836  0.21196543 -0.11049438
1956  0.00888509 -0.81784487 -0.47175050 -0.29405946 -0.53475314 -0.69467765 -0.59400958 -0.59942305 -0.53065270 -0.53802174  0.58045506  0.70554596
1957  0.88706690  0.48803812  0.29553238  0.25216395 -0.07706306 -0.48902902 -0.27933583 -0.29454628  0.62907964  0.10496661  0.12178701  0.10254793
1958  0.94582760  1.61670625  1.48280370  1.19837749  1.28673351  0.69936532  0.19079511  0.44206375  0.86780697  1.02548420  1.15092742  1.14396465
1959  1.33799255  1.00741172  1.08935523  0.35995114  0.44705796  0.16805613  0.32937300  0.17248000 -0.09628882 -0.17529178 -0.33282429 -0.32076034
1960 -0.59978807  0.02748932  0.09412294  0.00692615  0.06804677  0.08334225 -0.03971450 -0.46206445 -0.45033708  0.52844656  0.82262450  0.76814377
1961  0.69832444  0.17874232  0.22014010 -0.32956260  0.01939964 -0.02501646  0.66452903  0.26902068  0.78418118  0.47838488 -0.00213728 -0.60498720
1962 -0.55031812 -0.49327391  0.28943601  0.80992877  0.26710111  0.05623008  0.16946985 -0.34642568 -0.33554414 -0.07813624  0.38860044  0.18895315
1963 -0.43082884  0.06736456  0.32086930  0.09472611  0.35512319 -0.07632648 -0.24177825 -0.22135425  0.23140636  0.41394499  0.09741914  0.06952962
1964  0.51269633  0.99179375  0.35264850  0.76696879  1.13047862  0.41575477 -0.33282796 -0.21118367 -1.05959678 -1.17502713 -0.98733914 -0.60123646
1965 -0.40863320 -0.42719048 -0.54934847 -1.08864379 -1.18636835 -1.04428983 -0.98840773 -0.25017282 -0.09409233  0.28172317  0.16712794  0.14460480
1966  0.20475757  0.91220260  2.13879776  1.28890753  1.62680626  1.02472293  1.06095171  0.83097005  1.12275040  0.94420314  1.16962731  1.12350309
1967 -0.11186105 -0.61127645  0.31797916  0.70210105  0.15248463 -0.20993984  0.51069486  0.41800770  0.87241048  1.05121636  0.85203564  0.53936327
1968  0.66193902  1.45100474  1.23927391  0.69014937  0.66575438  0.83194131 -0.07057119  0.00376499 -0.07805434  0.76287597  1.45914721  1.42241871
1969  1.84302139  2.51335216  1.47020876  1.03564477  0.25181580 -0.03712070  0.24341686 -0.06398799  0.21162458  0.41067365  0.34983858  0.17715138
1970  0.08870064  0.95000625  1.27893710  0.84097177  1.03291929  1.02555835  1.12153602  0.49140465  0.03883307  0.02437407  0.01490455 -0.46670842
1971 -1.06556273 -0.52063936 -1.02550471 -1.07885647 -0.97882050 -0.84208691 -1.10838270 -0.59618789 -1.00379312 -0.59478021 -0.57667708 -0.23694104
1972 -0.46132606 -0.03480847  0.02279110 -0.19003193 -0.30188149 -0.52482498 -0.93494898 -1.31600106 -0.78109348 -0.49692741 -0.67480290 -0.55245626
1973 -0.54276717  0.29675582  0.78527403  0.82017279  0.64634472  0.27943653 -0.15432709 -0.48003891 -0.93369251 -1.39801145 -1.89031029 -2.12714839
1974 -2.03997016 -1.64937818 -1.72496712 -1.37339103 -1.32605124 -1.71771896 -2.06366634 -1.27190495 -1.17709351 -0.80159920 -0.75231862 -1.01243532
1975 -1.15184450 -0.47318119 -0.69734168 -1.27092314 -0.82715225 -1.07964551 -1.72780895 -1.87112141 -1.96360338 -1.86549556 -2.32549357 -1.99540091
1976 -1.77449393 -1.58193064 -0.78044528 -1.02744138 -1.53721941 -2.04624510 -2.12528515 -1.78688836 -1.44675326 -0.52968878 -0.09513359 -0.30980423
1977 -0.32413974 -0.30799827 -0.16294014  0.67109621  0.24963728  0.30018944  1.08113956  1.39321804  1.29332542  0.91799372  1.02832818  1.34631312
1978  0.94619077  1.10592282  0.63540262  0.36620331  0.33709836  0.22300616  0.46568739  0.19469787 -0.19068526 -0.40709609 -0.15056299 -0.42903712
1979  0.59891307  0.46171662 -0.09616508 -0.51250190 -0.90563011 -0.82343465 -0.26535678 -0.23418826 -1.00056267 -0.07017789  0.10633571  0.70712304
1980  0.79851002  1.18076551  1.30933809  0.93437231  0.87220055  0.30083948  0.69308090  0.75083578  0.15964785  0.38861907  0.00411166  0.00238874
1981  0.72290438  0.52484292  0.38652858  0.35015383  0.14252473 -0.27299172 -0.23069447  0.46532634  0.01545713  0.13321409  0.23921955  0.03333033
1982 -0.04470049  0.14083776  0.52263820  0.65334165  0.77551019  1.11803174  0.79209775  0.03236977 -0.51551300 -0.60286146 -1.34885406 -1.87866688
1983 -1.79071987 -0.91733354 -0.88294303 -1.37868965 -1.90213668 -2.30543017 -2.06253505 -2.15372562 -1.49862385 -1.64061499 -0.93443620 -0.77880085
1984 -0.53588849 -1.37140036 -1.81989527 -1.49255145 -0.75695354 -0.09261082 -0.08377601 -0.41362828  0.45307165  0.22697873 -0.75456721 -0.97757369
1985 -0.06692782 -0.14759001 -0.60364634 -0.41868484 -0.16534404 -0.17416230  0.34912097  0.36801961  0.31337664  0.07128690  0.66073036  1.19537640
1986  0.43068346 -0.28792030 -0.58916372 -0.19781844  0.06772241  0.49148390  0.41396350  1.09815574  1.04665029  0.97506624  0.77004027  1.02740705
1987  0.68411767  0.61898017  0.51334745  0.13248225 -0.51779675  0.25716060  0.32273835  0.65488249  0.37375867  0.82462728  1.31533515  0.87546301
1988  1.37703836  1.02073824  0.27452683  0.44671902  1.11219656  0.88086283  0.36550492 -0.40663609 -0.74687570 -1.38816476 -2.03248167 -1.60029185
1989 -2.39271069 -2.79619622 -1.54508269 -1.25174356 -0.79315686 -1.25467360 -0.65973443 -0.38599044 -0.21313621 -0.06709657 -0.23122409  0.69609809
1990  0.92977118  0.88477021  1.26621294  0.58282453  0.06750494  0.25682303  1.03214085  1.09847653  0.80174583  1.36303341  1.29040051  1.60538292
1991  1.60401201  1.31444407  0.88921708  1.67339230  0.67959529  0.30505276  0.37215382  0.99925756  1.21360505  1.40669644  0.78963536  0.80478376
1992  0.41776431  0.81424648  0.46463600  0.45978993 -0.27025539  1.05127883  1.74417114  1.16060519  1.10450232  0.72220087  0.54007769  1.05552816
1993  0.99656183  0.48213527  0.27907199 -0.26898745 -0.27610379  0.07134677  0.93244970  0.96635312  0.94142503  0.31611526  0.51435804  0.76593000
1994  0.30723414  0.38232109  0.57851404  1.18379986  0.80862564  0.91045386  1.88260186  2.43628359  1.51857543  0.91926992  1.13301623  1.14407122
1995  1.08614635  1.20479274  1.65618050  1.41378438  1.63643408  0.98684275  0.58542544  0.80750203  0.19775479 -0.20396456 -0.48366424  0.06808788
1996 -0.16765566 -0.61646950 -0.71584868  0.16297543  0.01061396  0.25163481  0.05826209  0.38513678  0.29498377  0.24751034  0.32295012  1.11888289
1997  1.21297216  0.86254996  0.24823768  1.19434035 -0.10523988 -0.80387533 -1.33754611 -1.77539659 -1.88120067 -1.97365749 -2.22327662 -2.21150708
1998 -1.88252199 -1.20703030 -1.33475304 -1.95067835 -1.51596308 -0.42069235 -1.33455169 -1.72400856 -1.11829972 -1.86252105 -1.92585337 -1.74721968
1999 -2.18253255 -2.55426049 -2.68698335 -1.59321785 -1.52073491 -1.03022850 -0.84569383 -0.96965134 -0.52618188 -0.30792221 -0.64809388 -0.98523349
2000 -1.01502430 -2.20753026 -2.82899833 -2.74722338 -2.06152964 -0.86735469 -0.58493006  0.01013237 -0.05083739 -0.52203965 -0.33468053 -0.87826502
2001 -0.76988941 -1.50405049 -1.70198512 -1.08208573 -0.51236135  0.18694004  0.86108112  1.08939326  1.68371367  1.33671832  1.52027118  0.85061359
2002  1.57102585  1.44014907  0.46480089  0.70060319  0.88021624  1.07790232  1.31901646  1.61374044  1.25367486  1.09172153  1.21050382  0.88603371
