sst1=[236 180 254 
234 158 254
226 122 253
217 78 252
201 41 251
193 26 250
173 2 248
156 0 244
136 0 240
131 0 238
118 7 235
109 22 232
102 48 232
103 44 231
96 80 236
94 105 240
92 132 247
91 160 252
90 174 254
86 197 255
83 220 250
78 236 241
73 244 234
61 252 216
48 255 196
32 255 168
27 255 157
25 252 145
19 249 131
12 237 96
8 226 68
8 221 54
9 213 29
36 226 0
55 226 0
69 232 0
94 244 0
132 252 2
158 255 2
172 255 0
197 255 0
218 255 0
235 254 0
239 249 0
249 237 0
254 218 2
255 197 3
255 184 3
255 159 0
253 135 0
249 111 0
244 89 0
240 78 0
233 61 0
225 49 2
220 42 15
217 41 21     
214 48 40
216 61 60
221 83 84
224 93 93
115 128 115
243 153 129
255 184 137];

sst1=sst1./255;


sst2=[236 180 254 
234 158 254
226 122 253
217 78 252
201 41 251
193 26 250
173 2 248
156 0 244
136 0 240
131 0 238
118 7 235
109 22 232
102 48 232
103 44 231
96 80 236
94 105 240
92 132 247
91 160 252
90 174 254
86 197 255
83 220 250
78 236 241
73 244 234
61 252 216
48 255 196
32 255 168
27 255 157
25 252 145
19 249 131
12 237 96
8 226 68
8 221 54
9 213 29
36 226 0
55 226 0
69 232 0
94 244 0
132 252 2
158 255 2
172 255 0
197 255 0
218 255 0
235 254 0
239 249 0
249 237 0
254 218 2
255 197 3
255 184 3
255 159 0
253 135 0
249 111 0
244 89 0
240 78 0
233 61 0
225 49 2
220 42 15
217 41 21 ];


sst2=sst2./255;



%36 226 0  vary 1one
%115 128 115

niks=[196 1 206
214 5 168
139 8 222
107 13 231
79 17 239
46 22 249
24 31 246
19 58 200
16 82 160
11 109 115
6 133 75
3 160 30
9 181 0
56 195 0
96 207 0
142 221 0
183 233 0
229 248 0
255 240 0
255 195 0
255 155 0
255 110 0
255 70 0
255 25 0
248 0 0
255 0 0
205 0 0
182 0 0
162 0 0];
